0.119451
0.135524
0.100539
0.106483
0.105172
0.109075
0.107762
0.110475
0.102547
0.110787
0.114565
0.114197
0.114007
0.118452
0.116461
0.118011
0.116001
0.108110
0.111068
0.105272
0.105400
0.112728
0.109856
0.110146
0.115813
0.114266
0.116804
0.108001
0.114641
0.117740
0.128316
0.113908
0.117488
0.110255
0.119657
0.109854
0.129107
0.124753
0.112777
0.119181
0.103211
0.102024
0.117167
0.099641
0.108515
0.104035
0.101588
0.131230
0.147793
0.136600
0.135551
0.149365
0.142676
0.151258
0.139089
0.145762
0.131864
0.139465
0.103972
0.104850
0.097950
0.102136
0.109854
0.103652
0.105991
0.101807
0.129724
0.141476
0.146653
0.137013
0.141347
0.120989
0.112014
0.110643
0.100675
0.095746
0.104036
0.094831
0.104496
0.100680
0.094440
0.096120
0.096573
0.098084
0.097186
0.097470
0.097512
0.098680
0.096689
0.096558
0.096711
0.097854
0.096978
0.097904
0.096862
0.098094
0.096831
0.097817
0.097229
0.098344
0.099970
0.139021
0.105406
0.121807
0.118288
0.109518
0.115588
0.110840
0.117533
0.106999
0.117704
0.108732
0.104536
0.108948
0.112870
0.114161
0.116790
0.106704
0.107545
0.116640
0.116580
0.129368
0.109119
0.111873
0.109685
0.119130
0.107606
0.117154
0.118225
0.133708
0.113572
0.119092
0.120857
0.117276
0.118459
0.119769
0.105911
0.126841
0.112454
0.106378
0.107900
0.108038
0.108178
0.109480
0.112504
0.115950
0.112294
0.116093
0.125998
0.115181
0.111780
0.111003
0.108897
0.141997
0.105687
0.119522
0.108932
0.104240
0.111587
0.106708
0.117346
0.102499
0.105523
0.105638
0.104653
0.107306
0.107103
0.105832
0.105309
0.105277
0.109403
0.110578
0.110262
0.111879
0.110472
0.112394
0.112355
0.110385
0.114912
0.106998
0.110890
0.103014
0.104958
0.104141
0.105737
0.105012
0.104459
0.104962
0.105022
0.112025
0.110322
0.111113
0.111696
0.114254
0.115660
0.114174
0.112518
0.114248
0.111834
0.111676
0.119257
0.118854
0.103679
0.107340
0.112124
0.115211
0.117736
0.116865
0.116930
0.103951
0.102893
0.106339
0.105837
0.108259
0.108031
0.113001
0.114529
0.115166
0.114869
0.109902
0.113353
0.106936
0.110605
0.108921
0.108503
0.108217
0.109024
0.108955
0.109297
0.109792
0.111048
0.109655
0.111932
0.100629
0.105093
0.110542
0.110211
0.109473
0.110795
0.112010
0.110719
0.110469
0.109384
0.112169
0.114916
0.106741
0.112477
0.119018
0.117683
0.116622
0.138741
0.133515
0.125212
0.109494
0.122007
0.114968
0.116123
0.116736
0.120596
0.121392
0.125841
0.123226
0.125740
0.121795
0.123930
0.121480
0.121928
0.120924
0.109181
0.118773
0.107673
0.112703
0.107955
0.119429
0.107931
0.114310
0.117094
0.116042
0.118369
0.118979
0.118765
0.114756
0.112297
0.111672
0.125288
0.107195
0.109651
0.107038
0.109596
0.110235
0.108394
0.113397
0.111655
0.112299
0.108524
0.109639
0.108473
0.118176
0.117669
0.118727
0.111152
0.118551
0.105070
0.112535
0.112756
0.111683
0.114130
0.113904
0.117052
0.118284
0.122252
0.126981
0.117669
0.119506
0.120874
0.120905
0.119199
0.120492
0.119801
0.120140
0.120544
0.118553
0.118722
0.121893
0.119487
0.105402
0.109178
0.109262
0.112134
0.114026
0.108114
0.115054
0.108957
0.109902
0.112044
0.112236
0.115558
0.106340
0.109766
0.112597
0.109268
0.114097
0.114566
0.104081
0.115200
0.112928
0.115463
0.113500
0.108160
0.114802
0.112062
0.104147
0.115686
0.115701
0.116865
0.119029
0.119177
0.123296
0.122168
0.114250
0.130970
0.126462
0.105083
0.105935
0.111385
0.107125
0.108298
0.108682
0.109760
0.119803
0.116639
0.110517
0.108523
0.115057
0.110805
0.111596
0.111911
0.129781
0.141557
0.145634
0.142532
0.113047
0.117082
0.114699
0.128149
0.126696
0.123238
0.136844
0.126469
0.130721
0.119609
0.116414
0.115731
0.116309
0.118643
0.118206
0.110059
0.107778
0.129240
0.113181
0.111443
0.115307
0.107503
0.098266
0.102925
0.102996
0.103288
0.104325
0.106784
0.103709
0.104652
0.105553
0.104747
0.107383
0.103966
0.104836
0.105084
0.104975
0.105362
0.104939
0.098766
0.109169
0.138453
0.095205
0.104538
0.099832
0.104885
0.102865
0.116389
0.109657
0.108544
0.107129
0.106088
0.101730
0.104086
0.103406
0.098406
0.100143
0.102526
0.098762
0.102859
0.102017
0.114466
0.100947
0.115401
0.111821
0.111846
0.122936
0.112250
0.110432
0.105077
0.110296
0.112589
0.113756
0.117215
0.114895
0.113221
0.107773
0.116180
0.116166
0.116707
0.114896
