0.132515
0.132333
0.125737
0.149070
0.171034
0.128611
0.123332
0.129783
0.135113
0.136100
0.136617
0.116863
0.128087
0.138465
0.134265
0.134579
0.137046
0.135585
0.135494
0.119723
0.128057
0.133052
0.141290
0.135167
0.137355
0.141099
0.138052
0.123165
0.123212
0.130263
0.135615
0.136317
0.137774
0.135852
0.126323
0.124132
0.120627
0.130062
0.127523
0.137075
0.137302
0.137203
0.136479
0.135927
0.136358
0.119165
0.122514
0.121754
0.122099
0.121895
0.126005
0.169584
0.153705
0.139372
0.168374
0.130340
0.124831
0.125121
0.133982
0.120192
0.128124
0.121706
0.122199
0.122453
0.123568
0.122921
0.122233
0.122746
0.122626
0.123216
0.128505
0.122823
0.131510
0.123766
0.135647
0.127649
0.129591
0.135615
0.117854
0.123311
0.133196
0.136759
0.137010
0.139232
0.123652
0.129781
0.129122
0.128826
0.130116
0.129200
0.129216
0.133704
0.150173
0.172263
0.143271
0.140114
0.162819
0.178880
0.178555
0.154509
0.141962
0.130391
0.123334
0.137827
0.126796
0.130260
0.142891
0.126219
0.138772
0.127311
0.131928
0.129515
0.129641
0.128745
0.128267
0.130963
0.137574
0.139195
0.136234
0.135667
0.141146
0.137444
0.138837
0.138681
0.138436
0.138457
0.138911
0.136009
0.141355
0.139001
0.136392
0.142126
0.147119
0.145086
0.146461
0.149779
0.136434
0.130601
0.133055
0.138310
0.145238
0.131439
0.138604
0.141047
0.143520
0.145514
0.145403
0.148103
0.146038
0.145721
0.150434
0.147998
0.136488
0.128009
0.129618
0.143101
0.132495
0.141475
0.138437
0.148106
0.145772
0.149137
0.147784
0.148257
0.147387
0.145555
0.148266
0.147379
0.147501
0.148295
0.126972
0.133817
0.127156
0.143247
0.145826
0.146264
0.151796
0.147679
0.147536
0.147650
0.147383
0.147403
0.146406
0.147882
0.149210
0.148608
0.147460
0.147247
0.149340
0.137972
0.137971
0.164391
0.136966
0.137938
0.134967
0.136585
0.135947
0.137890
0.136710
0.132677
0.135122
0.146892
0.141434
0.139369
0.154370
0.153508
0.151154
0.155548
0.131952
0.148942
0.134579
0.139246
0.133905
0.134050
0.133975
0.133270
0.135565
0.136129
0.136878
0.140368
0.138217
0.143198
0.145681
0.144070
0.151792
0.144131
0.146784
0.138450
0.134197
0.140373
0.143553
0.137650
0.149498
0.142048
0.153533
0.142865
0.144473
0.143355
0.152242
0.132457
0.139087
0.138305
0.135193
0.135791
0.140537
0.150832
0.142081
0.143767
0.156129
0.144865
0.145002
0.145445
0.145805
0.143849
0.144485
0.147990
0.161414
0.155154
0.155505
0.143203
0.149168
0.156158
0.158298
0.156034
0.155590
0.145569
0.149042
0.154389
0.144109
0.135370
0.134571
0.134199
0.134621
0.139220
0.136214
0.150124
0.157136
0.156797
0.137069
0.143483
0.146747
0.150168
0.146413
0.147123
0.153604
0.146925
0.132234
0.154075
0.156905
0.156953
0.158844
0.155909
0.138580
0.145164
0.150227
0.145843
0.144499
0.141648
0.146638
0.148610
0.146899
0.147532
0.152632
0.132696
0.140985
0.140556
0.145527
0.148623
0.137293
0.149544
0.149045
0.149297
0.141187
0.142055
0.138896
0.147085
0.130295
0.135468
0.132003
0.136475
0.147461
0.149499
0.148016
0.151300
0.154217
0.133722
0.136769
0.150846
0.144147
0.129728
0.144348
0.141446
0.133014
0.146978
0.135948
0.139311
0.145266
0.150818
0.154039
0.152052
0.150854
0.134169
0.156858
0.144785
0.137645
0.146804
0.144838
0.153829
0.150450
0.137292
0.140594
0.151168
0.143229
0.151146
0.150237
0.151608
0.153911
0.151326
0.150615
0.159691
0.140700
0.138952
0.143644
0.147108
0.138182
0.130208
0.145411
0.134584
0.146529
0.142973
0.149226
0.153694
0.150212
0.151348
0.154545
0.152177
0.139176
0.141928
0.147822
0.142661
0.141846
0.142748
0.141042
0.142404
0.142482
0.146185
0.144970
0.143474
0.142786
0.143854
0.142833
0.144291
0.145308
0.142862
0.142916
0.143789
0.148085
0.149980
0.138512
0.146929
0.147776
0.152942
0.132329
0.138484
0.138056
0.147216
0.147593
0.144642
0.141699
0.135631
0.135359
0.135948
0.134619
0.164085
0.132346
0.130059
0.129647
0.130443
0.131544
0.131390
0.131934
0.129622
0.131358
0.131656
0.125208
0.129114
0.133019
0.129495
0.129893
0.130116
0.139473
0.130734
0.133827
0.130166
0.134744
0.130443
0.129497
0.132737
0.135557
0.137036
0.156435
0.141735
0.152690
0.131490
0.140296
0.144072
0.141897
0.142283
0.141526
0.141822
0.141387
0.140782
0.140522
0.141019
0.139080
0.135234
0.146836
0.134171
0.145383
0.136628
0.143883
0.129171
